2.607280
8.313797
8.243763
2.580647
2.217467
7.150371
2.966759
3.127189
5.611998
9.797484
8.003306
5.185949
1.787662
2.372836
8.175471
8.010146
4.282530
0.154871
6.028431
6.224751
6.797280
6.537573
6.981055
3.111023
2.399320
3.846191
6.665279
8.796537
6.098666
9.037206
1.062163
8.181486
6.987458
1.671684
6.663389
7.440743
5.829864
3.762722
8.909225
6.489915
4.302074
4.888977
9.816380
5.000224
2.904407
4.356987
4.177441
8.818665
0.286742
4.607259
6.596053
5.468057
0.987123
0.967300
6.176664
5.478709
0.942293
0.526770
9.830525
3.341631
2.259218
2.261877
1.206116
1.947643
5.078583
1.904333
3.014549
3.674366
6.170909
7.790517
3.187783
2.077423
4.941739
4.899014
1.365531
7.212275
1.848163
7.112158
7.010988
3.394934
1.978098
6.279734
9.516305
9.879820
0.292203
2.624822
5.391265
5.211358
9.840637
3.689165
0.596189
9.729746
5.943563
1.733886
6.447645
3.507271
6.568599
4.087198
5.785251
0.326008
6.691753
7.126945
9.047222
3.992578
9.203320
8.759428
9.048810
2.618712
1.679271
5.328256
9.630885
5.840693
4.388700
8.033644
2.518061
9.990804
4.886090
4.896876
2.304882
0.714455
3.438770
9.786806
1.981184
0.305409
8.594423
8.054894
4.323915
3.012463
7.224396
5.501563
6.240601
9.390016
1.614847
9.063082
4.228356
3.353568
4.709233
5.870447
8.177606
9.132868
1.498654
7.302488
4.228857
6.791355
1.280144
3.955152
8.555228
8.851680
1.829225
7.378581
2.276643
4.316512
4.799221
1.909237
1.111192
8.253138
6.819719
7.303309
8.115805
2.919841
4.167995
0.377389
1.077690
9.233796
5.268758
2.652809
5.895075
2.315944
4.537977
0.855158
1.711211
9.288541
2.622117
4.241668
5.767215
2.691194
7.961839
9.427370
8.443088
1.174177
5.948961
3.909378
0.225126
5.004716
1.331710
1.564050
0.834698
9.826634
1.707080
0.424311
0.604712
4.252593
8.865119
1.067619
3.724097
4.588488
4.710884
4.820221
5.216498
1.781325
