4.757422
3.039022
0.877743
5.163170
4.561507
3.104311
4.608298
4.158297
2.448728
1.425027
1.605956
2.451443
4.556599
2.850458
2.228973
2.574816
1.803734
1.124418
1.231091
4.771509
0.878339
2.566887
4.348900
5.886703
1.084672
2.718271
1.726786
0.945162
4.446142
2.135566
4.637991
5.764101
2.070870
2.876749
1.135372
1.094335
1.089912
1.933189
2.137764
1.317854
4.784101
1.942985
4.844324
5.432523
2.181966
3.836256
2.141632
1.263832
5.972594
3.389240
3.200325
2.014732
2.199224
4.869136
4.818895
0.460992
0.806744
6.221431
1.455033
4.319680
4.775922
4.473518
2.851492
1.526865
1.249174
5.055886
2.860387
4.895068
2.494639
5.048602
2.268416
5.099463
5.375423
4.518616
4.713686
1.005781
5.368568
2.670028
1.703698
4.895865
2.489560
1.696313
4.470522
4.720479
4.718504
4.381130
4.798401
4.323543
2.609324
2.086885
4.423859
1.622434
2.183773
2.599267
6.050358
5.458605
2.332959
2.114152
1.958407
5.146543
1.382281
2.515387
3.020261
2.569127
4.786286
4.611434
5.342519
2.839052
5.347640
2.756678
6.530861
4.866963
4.225386
1.078614
0.768115
4.410525
2.403098
2.749991
2.859049
0.783219
4.675347
5.110144
2.429763
0.406069
2.345125
1.089363
4.760474
4.952503
1.270488
1.588672
1.291322
5.999655
2.816129
2.732813
0.667812
2.371985
1.763451
0.846489
5.004834
4.544432
2.330197
5.079497
1.546316
1.151519
3.347120
5.421682
0.786908
6.352077
1.297599
5.282384
5.059642
2.956646
5.271621
5.167479
2.591258
3.036777
6.482276
3.022669
1.506430
3.969444
4.329838
5.333690
2.839464
0.548578
1.376010
6.561413
3.035301
4.308284
5.283090
0.561423
2.768883
1.343343
1.503434
3.018602
4.682146
2.205588
1.101731
4.228653
1.524856
0.733787
4.703608
1.815624
4.603539
6.191706
5.085629
0.775392
3.801764
2.493094
4.432522
4.581045
4.560601
1.414881
4.406490
1.273917
0.787235
1.224529
2.809679
2.788667
1.148108
2.609551
