8.115805
5.328256
3.507271
9.390016
8.759428
5.501563
6.224751
5.870447
2.077423
3.012463
4.709233
2.304882
8.443088
1.947643
2.259218
1.707080
2.276643
4.356987
3.111023
9.233796
4.302074
1.848163
9.048810
9.797484
4.388700
1.111192
2.580647
4.087198
5.948961
2.622117
6.028431
7.112158
2.217467
1.174177
2.966759
3.187783
4.241668
5.078583
0.855158
2.624822
8.010146
0.292203
9.288541
7.303309
4.886090
5.785251
2.372836
4.588488
9.630885
5.468057
5.211358
2.315944
4.888977
6.240601
6.791355
3.955152
3.674366
9.879820
0.377389
8.851680
9.132868
7.961839
0.987123
2.618712
3.353568
6.797280
1.365531
7.212275
1.067619
6.537573
4.941739
7.790517
7.150371
9.037206
8.909225
3.341631
6.987458
1.978098
0.305409
7.440743
5.000224
4.799221
9.047222
6.098666
6.176664
8.594423
8.054894
5.767215
1.829225
2.399320
8.865119
0.286742
4.899014
1.679271
9.786806
7.126945
5.004716
4.710884
0.596189
6.819719
0.424311
0.714455
5.216498
0.967300
8.181486
8.175471
7.224396
1.498654
6.596053
5.185949
9.729746
6.489915
8.003306
4.537977
4.323915
8.253138
0.834698
1.331710
1.733886
3.909378
8.313797
8.033644
0.604712
3.992578
5.268758
4.167995
6.568599
6.279734
2.919841
4.316512
0.154871
9.840637
1.671684
1.062163
3.724097
1.981184
4.896876
3.394934
9.516305
9.203320
0.526770
7.378581
2.691194
4.228356
5.478709
9.427370
4.177441
9.830525
3.014549
7.010988
6.663389
5.391265
6.981055
6.665279
1.781325
1.280144
9.990804
1.711211
0.326008
5.611998
8.818665
6.691753
1.904333
3.689165
4.607259
9.816380
1.564050
8.555228
6.447645
3.762722
1.909237
4.282530
4.820221
1.206116
5.895075
2.261877
3.846191
5.829864
2.518061
2.904407
6.170909
2.652809
8.243763
9.826634
7.302488
3.438770
5.840693
1.077690
9.063082
8.796537
8.177606
2.607280
5.943563
0.225126
4.252593
3.127189
1.614847
1.787662
4.228857
0.942293
